3.000000
8.500000

4.200000
2.600000

2.900000
2.900000

3.800000
10.000000

4.100000
3.100000

3.500000
5.100000

3.000000
0.800000

3.800000
3.600000

3.300000
9.700000

3.300000
1.100000

3.500000
2.000000

3.200000
5.000000

3.900000
5.400000

4.300000
3.000000

4.300000
4.700000

2.900000
8.200000

3.100000
8.600000

4.000000
4.100000

3.000000
1.300000

3.300000
8.900000

4.100000
0.100000

4.200000
5.700000

4.300000
6.000000

3.500000
6.500000

3.400000
1.800000

3.000000
1.900000

4.000000
10.000000

3.100000
1.700000

4.100000
5.900000

3.700000
2.000000

2.900000
1.100000

4.100000
4.000000

4.200000
1.100000

3.300000
1.500000

4.100000
2.000000

4.100000
6.600000

4.000000
9.300000

3.000000
3.200000

3.700000
6.500000

3.600000
6.000000

3.800000
7.400000

3.100000
2.300000

4.100000
9.800000

4.000000
7.800000

3.400000
4.200000

3.500000
6.100000

3.200000
4.900000

3.600000
5.200000

3.200000
3.200000

2.900000
3.300000
